01: package kr.co.infopub.chapter.s104;
02: public class SixMagicSquareMain2 {
03: 	public static void main(String[] args) {
04: 		SixMagicSquare sms=new SixMagicSquare(6);
05: 		sms.make();
06: 		sms.print();
07: 	}
08: }
09: /*
10: 1) A 0, 3
11: 3	0	0	0	0	0	
12: 0	3	0	0	0	0	
13: 3	0	0	0	0	0	
14: 0	0	0	0	0	0	
15: 0	0	0	0	0	0	
16: 0	0	0	0	0	0	
17: 
18: 2) B 2, 1
19: 3	0	0	2	2	2	
20: 0	3	0	2	2	2	
21: 3	0	0	2	2	2	
22: 0	0	0	0	0	0	
23: 0	0	0	0	0	0	
24: 0	0	0	0	0	0	
25: 
26: 3) C, D 
27: 3	0	0	2	2	2	
28: 0	3	0	2	2	2	
29: 3	0	0	2	2	2	
30: 0	3	3	1	1	1	
31: 3	0	3	1	1	1	
32: 0	3	3	1	1	1
33: 
34: 4) 
35: 27	0	0	18	18	18	
36: 0	27	0	18	18	18	
37: 27	0	0	18	18	18	
38: 0	27	27	9	9	9	
39: 27	0	27	9	9	9	
40: 0	27	27	9	9	9
41: 
42: 5)  4)의 각 지역 자리에 3마방을 더함
43: 6	1	8	
44: 7	5	3	
45: 2	9	4
46: 
47: 33	1	8	24	19	26	
48: 7	32	3	25	23	21	
49: 29	9	4	20	27	22	
50: 6	28	35	15	10	17	
51: 34	5	30	16	14	12	
52: 2	36	31	11	18	13	
53: */
